Jugador: 3
Costo: 0
Profundidad: 0
No_Accesibles: []
Posición: [(6, 3)]
Tablero:
[1 1 0 0 0 0 1 1]
[1 0 0 0 0 0 0 1]
[0 0 0 0 0 4 0 0]
[0 0 0 2 2 0 0 0]
[0 0 0 2 2 0 0 0]
[0 0 0 2 0 0 0 0]
[1 0 0 3 0 0 0 1]
[1 1 0 0 0 0 1 1]
----------------------------------------
    Jugador: 4
    Costo: 4
    Profundidad: 1
    No_Accesibles: [(4, 4)]
    Posición: [(2, 5)]
    Tablero:
    [1 1 0 0 0 0 1 1]
    [1 0 0 0 0 0 0 1]
    [0 0 0 0 0 4 0 0]
    [0 0 0 2 2 0 0 0]
    [0 0 0 2 3 0 0 0]
    [0 0 0 2 0 0 0 0]
    [1 0 0 0 0 0 0 1]
    [1 1 0 0 0 0 1 1]
----------------------------------------
    Jugador: 4
    Costo: 1
    Profundidad: 1
    No_Accesibles: []
    Posición: [(2, 5)]
    Tablero:
    [1 1 0 0 0 0 1 1]
    [1 0 0 0 0 0 0 1]
    [0 0 0 0 0 4 0 0]
    [0 0 0 2 2 0 0 0]
    [0 0 0 2 2 0 0 0]
    [0 0 0 2 0 3 0 0]
    [1 0 0 0 0 0 0 1]
    [1 1 0 0 0 0 1 1]
----------------------------------------
    Jugador: 4
    Costo: 1
    Profundidad: 1
    No_Accesibles: []
    Posición: [(2, 5)]
    Tablero:
    [1 1 0 0 0 0 1 1]
    [1 0 0 0 0 0 0 1]
    [0 0 0 0 0 4 0 0]
    [0 0 0 2 2 0 0 0]
    [0 0 0 2 2 0 0 0]
    [0 0 0 2 0 0 0 0]
    [1 0 0 0 0 0 0 1]
    [1 1 0 0 0 3 1 1]
----------------------------------------
    Jugador: 4
    Costo: 2
    Profundidad: 1
    No_Accesibles: [(7, 1)]
    Posición: [(2, 5)]
    Tablero:
    [1 1 0 0 0 0 1 1]
    [1 0 0 0 0 0 0 1]
    [0 0 0 0 0 4 0 0]
    [0 0 0 2 2 0 0 0]
    [0 0 0 2 2 0 0 0]
    [0 0 0 2 0 0 0 0]
    [1 0 0 0 0 0 0 1]
    [1 3 0 0 0 0 1 1]
----------------------------------------
    Jugador: 4
    Costo: 1
    Profundidad: 1
    No_Accesibles: []
    Posición: [(2, 5)]
    Tablero:
    [1 1 0 0 0 0 1 1]
    [1 0 0 0 0 0 0 1]
    [0 0 0 0 0 4 0 0]
    [0 0 0 2 2 0 0 0]
    [0 0 0 2 2 0 0 0]
    [0 3 0 2 0 0 0 0]
    [1 0 0 0 0 0 0 1]
    [1 1 0 0 0 0 1 1]
----------------------------------------
    Jugador: 4
    Costo: 1
    Profundidad: 1
    No_Accesibles: []
    Posición: [(2, 5)]
    Tablero:
    [1 1 0 0 0 0 1 1]
    [1 0 0 0 0 0 0 1]
    [0 0 0 0 0 4 0 0]
    [0 0 0 2 2 0 0 0]
    [0 0 3 2 2 0 0 0]
    [0 0 0 2 0 0 0 0]
    [1 0 0 0 0 0 0 1]
    [1 1 0 0 0 0 1 1]
----------------------------------------
